ratio,1
train,1749143
test,125457
p,6040,q,3952,f,100
epochs,100
gamma,0.02
lambda,0.01
decay,0.9
mimimumRating,0
maximumRating,1
epoch,train:loss,K(Cosine),N,P,R,Coverage,Popularity
1,310548.509864323,10,0.104321907600596,0.0502164088093929,0.0393273664225658,7.66401571952374
2,289442.529933773,10,0.115366782579897,0.0555329714563556,0.0390561432058584,7.71916041276021
3,281536.489195886,10,0.12059943699288,0.0580517627553664,0.0466503932736642,7.72509098238815
4,268747.825889398,10,0.131495280675609,0.0632965876754585,0.0767561703281801,7.70732796037954
5,256321.507572361,10,0.144626593806922,0.0696174784986091,0.113100081366965,7.66459240860858
6,246171.863864738,10,0.156880278191754,0.0755159138190774,0.152156224572823,7.61428252807423
7,238090.05121989,10,0.166252690842855,0.0800274197533816,0.193653376729048,7.56623351224036
8,231689.032833486,10,0.174002318264613,0.0837577815506508,0.227827502034174,7.52152835244539
9,226598.416115161,10,0.178887232985594,0.086109184820297,0.253593707621372,7.4819950117957
10,222485.629881961,10,0.18334161284981,0.0882533457678727,0.267968538106862,7.44828335046191
11,219097.390721899,10,0.186206325550588,0.0896323042954957,0.279359913208571,7.41867932892244
12,216256.077898345,10,0.188342440801457,0.090660545047307,0.29373474369406,7.39365511156207
13,213839.294954785,10,0.189683722470608,0.0913061845891421,0.30295633306211,7.37219189697173
14,211761.251432262,10,0.190793177678424,0.0918402321114007,0.311093029563331,7.35347488407541
15,209959.849469517,10,0.191919191919192,0.0923822504922005,0.318416056414429,7.33790362565174
16,208388.541554613,10,0.193293591654247,0.0930438317511179,0.324382967181991,7.32325054357932
17,207011.317752655,10,0.194287133631396,0.0935220832635883,0.330078654732845,7.31038045918265
18,205799.580741641,10,0.194833581718828,0.0937851215954471,0.333875779766748,7.29994566908144
19,204730.138774074,10,0.19504884914721,0.0938887427564823,0.337401681583944,7.29085232521996
20,203783.869176,10,0.195694651432356,0.0941996062395881,0.341198806617846,7.28235271330079
21,202944.795222097,10,0.19632389468455,0.0945024988641527,0.343639815568213,7.27461496804751
22,202199.426550458,10,0.196257658552741,0.094470615429988,0.345267154868457,7.26800117958662
23,201536.273586429,10,0.196704752442457,0.0946858286105997,0.347436940602116,7.26252849150426
24,200945.480807042,10,0.196539162112933,0.0946061200251879,0.348521833468945,7.25719663168886
25,200418.543711795,10,0.196936578903792,0.0947974206301761,0.350149172769189,7.25250739356123
26,199948.086379954,10,0.19692001987084,0.0947894497716349,0.351234065636018,7.24799745418656
27,199527.68392912,10,0.196986256002649,0.0948213332057996,0.352590181719555,7.24432391141982
28,199151.718930797,10,0.197069051167412,0.0948611874985055,0.355302413886629,7.24155451048691
29,198815.263961737,10,0.197284318595794,0.0949648086595407,0.356387306753458,7.2384494219656
30,198513.984577024,10,0.197184964398079,0.0949169835082937,0.356929753186873,7.23623193841077
31,198244.058454614,10,0.197400231826461,0.0950206046693289,0.357472199620287,7.23398732392976
32,198002.10749653,10,0.197416790859414,0.0950285755278701,0.357743422836995,7.23196933290772
33,197785.140419804,10,0.197483026991224,0.0950604589620348,0.358557092487117,7.23022449481954
34,197590.503919644,10,0.197449908925319,0.0950445172449525,0.359099538920532,7.22849392513857
35,197415.840898063,10,0.197184964398079,0.0949169835082937,0.359370762137239,7.22696368153705
36,197259.054559412,10,0.197317436661699,0.0949807503766231,0.359641985353946,7.2258211182878
37,197118.277413109,10,0.197317436661699,0.0949807503766231,0.360184431787361,7.22479141626472
38,196991.844405334,10,0.197350554727604,0.0949966920937054,0.360455655004068,7.22389651902634
39,196878.269546208,10,0.197333995694651,0.0949887212351642,0.360726878220776,7.22315118755736
40,196776.225511869,10,0.197317436661699,0.0949807503766231,0.360998101437483,7.22229615377436
41,196684.525789429,10,0.197400231826461,0.0950206046693289,0.36126932465419,7.22157479579505
42,196602.109007143,10,0.197449908925319,0.0950445172449525,0.361540547870898,7.22084452039998
43,196528.025148467,10,0.197549263123034,0.0950923423961995,0.361540547870898,7.2202192188988
44,196461.423397388,10,0.197615499254844,0.0951242258303642,0.361540547870898,7.21962606856005
45,196401.541400766,10,0.197648617320748,0.0951401675474465,0.361540547870898,7.21904467151386
46,196347.695765099,10,0.197747971518463,0.0951879926986936,0.361540547870898,7.21864077824234
47,196299.273632616,10,0.197764530551416,0.0951959635572348,0.362082994304312,7.21831845939737
48,196255.725202969,10,0.197847325716178,0.0952358178499406,0.36235421752102,7.21791903001251
49,196216.557085545,10,0.197830766683226,0.0952278469913994,0.36235421752102,7.21752846636894
50,196181.326382861,10,0.197797648617321,0.0952119052743171,0.362625440737727,7.21728985783995
51,196149.635419166,10,0.197764530551416,0.0951959635572348,0.363167887171142,7.2170015349219
52,196121.127039231,10,0.197781089584368,0.0952039344157759,0.363167887171142,7.21671310985898
53,196095.480411657,10,0.197781089584368,0.0952039344157759,0.363167887171142,7.21659756497321
54,196072.407279985,10,0.197781089584368,0.0952039344157759,0.363167887171142,7.21638405047881
55,196051.648610769,10,0.197814207650273,0.0952198761328583,0.363167887171142,7.21615370502108
56,196032.971595451,10,0.197814207650273,0.0952198761328583,0.363167887171142,7.2160478049831
57,196016.1669662,10,0.197814207650273,0.0952198761328583,0.363167887171142,7.2159712136919



ratio,1
train,1749640
test,125220
p,6040,q,3952,f,100
epochs,100
gamma,0.02
lambda,0.01
decay,0.9
mimimumRating,0
maximumRating,1
epoch,train:loss,K(Cosine),N,P,R,Coverage,Popularity
1,311268.342899536,10,0.106259314456036,0.0512458073790129,0.0355206073752712,7.6537840629173
2,290174.648135767,10,0.114638185129988,0.0552866954160677,0.0374186550976139,7.72067573151724
3,282987.957530588,10,0.121493624772313,0.0585928765372944,0.0450108459869848,7.72571991042326
4,270253.868936328,10,0.132521940718662,0.0639115157323111,0.0723969631236443,7.71091618548718
5,257218.837024351,10,0.146911740354363,0.0708513017089922,0.113611713665944,7.66863408823457
6,246691.163652308,10,0.159744990892532,0.0770404088803705,0.152386117136659,7.61513713993736
7,238451.626938058,10,0.169018049345918,0.0815125379332375,0.190889370932755,7.56465860721259
8,231992.432674656,10,0.175956284153005,0.0848586487781505,0.225596529284165,7.51796690175548
9,226874.703185766,10,0.180625931445604,0.0871106851940585,0.252440347071584,7.47747207364431
10,222742.333565013,10,0.184633217420103,0.089043283820476,0.273047722342733,7.44256400847051
11,219337.009909675,10,0.187100513330022,0.0902331895863281,0.28470715835141,7.4128484989315
12,216480.740554173,10,0.188193409504885,0.0907602619389874,0.300162689804772,7.38729271562756
13,214051.365219741,10,0.190412319920517,0.0918303785337806,0.308297180043384,7.36595571125202
14,211963.162808031,10,0.19157145222719,0.0923893946653889,0.317516268980477,7.34670788854977
15,210153.880341208,10,0.19304520615996,0.0931001437470053,0.323210412147505,7.32991843241096
16,208576.666732312,10,0.193906275873489,0.0935154128733429,0.327006507592191,7.31584650874933
17,207195.149636619,10,0.194403046862063,0.0937549912154608,0.329446854663774,7.30436713572236
18,205980.377431588,10,0.19518132141083,0.0941303306181121,0.331616052060738,7.29396965435976
19,204908.848958542,10,0.195843682728929,0.0944497684076026,0.337310195227766,7.28419772526232
20,203961.18993922,10,0.1966550753436,0.0948410796997285,0.340835140997831,7.27574328346543
21,203121.228503001,10,0.196953137936744,0.0949848267049992,0.341919739696312,7.26830897026819
22,202375.327716992,10,0.196804106640172,0.0949129532023638,0.344088937093275,7.26135285455346
23,201711.890335043,10,0.197383672793509,0.095192461268168,0.344902386117137,7.25561958869448
24,201120.982967438,10,0.197731412485511,0.0953601661076505,0.346529284164859,7.25083744799671
25,200594.045443851,10,0.197499586024176,0.0952483628813289,0.346800433839479,7.24683251863669
26,200123.662401449,10,0.197449908925319,0.0952244050471171,0.349511930585683,7.24272335348117
27,199703.381234311,10,0.197665176353701,0.0953282223287015,0.351138828633406,7.23932579031058
28,199327.565185083,10,0.197367113760556,0.0951844753234308,0.35412147505423,7.23584033502192
29,198991.273481348,10,0.197383672793509,0.095192461268168,0.355206073752712,7.2327603634504
30,198690.162572245,10,0.197416790859414,0.0952084331576425,0.355748373101952,7.23053459910481
31,198420.404030568,10,0.197516145057129,0.0952563488260661,0.355748373101952,7.2282235330377
32,198178.615768447,10,0.197416790859414,0.0952084331576425,0.355748373101952,7.2262981723114
33,197961.803998238,10,0.197284318595794,0.0951445455997444,0.355748373101952,7.22466714366687
34,197767.313947915,10,0.197300877628746,0.0951525315444817,0.355748373101952,7.22290646721384
35,197592.787770951,10,0.197267759562842,0.0951365596550072,0.356019522776573,7.22142437226119
36,197436.128416194,10,0.197267759562842,0.0951365596550072,0.356019522776573,7.22012548806419
37,197295.468469522,10,0.197333995694651,0.0951685034339562,0.356561822125813,7.21909836290631
38,197169.143171986,10,0.197367113760556,0.0951844753234308,0.356561822125813,7.21791014972502
39,197055.666966732,10,0.197333995694651,0.0951685034339562,0.356832971800434,7.21703413420776
40,196953.713043947,10,0.197251200529889,0.0951285737102699,0.356832971800434,7.21608390410257
41,196862.095446835,10,0.197201523431032,0.0951046158760581,0.357375271149675,7.21529490051599
42,196779.753374008,10,0.197201523431032,0.0951046158760581,0.357375271149675,7.21459340978219
43,196705.737375257,10,0.197367113760556,0.0951844753234308,0.357375271149675,7.21399877571268
44,196639.197184299,10,0.197367113760556,0.0951844753234308,0.357375271149675,7.21332905967945
45,196579.370973207,10,0.197284318595794,0.0951445455997444,0.357646420824295,7.21277305551633
46,196525.575844652,10,0.197383672793509,0.095192461268168,0.357646420824295,7.21232451803711
47,196477.199405304,10,0.197251200529889,0.0951285737102699,0.357917570498915,7.21195425908902
48,196433.692286667,10,0.197251200529889,0.0951285737102699,0.357917570498915,7.21159178456435
49,196394.561497433,10,0.197284318595794,0.0951445455997444,0.358188720173536,7.21135241299294
50,196359.364507858,10,0.197234641496937,0.0951205877655327,0.358188720173536,7.21105881795207



ratio,1
train,1750782
test,124663
p,6040,q,3952,f,100
epochs,100
gamma,0.02
lambda,0.01
decay,0.9
mimimumRating,0
maximumRating,1
epoch,train:loss,K(Cosine),N,P,R,Coverage,Popularity
1,310178.653883065,10,0.105431362808412,0.0510736946808596,0.0370670995670996,7.64569987430188
2,289651.634681668,10,0.114290445437986,0.0553652647537762,0.0367965367965368,7.7067548033026
3,282933.628810284,10,0.120781586355357,0.0585097422651468,0.0432900432900433,7.71256785696618
4,270855.781052608,10,0.130816360324557,0.0633708478056841,0.071969696969697,7.70025911671137
5,257800.185702889,10,0.145355191256831,0.07041383570105,0.106601731601732,7.66472993390811
6,246699.020869132,10,0.158370591157476,0.0767188339764004,0.150162337662338,7.61475937457525
7,238044.723726215,10,0.166964729259811,0.0808820580284447,0.196699134199134,7.56521473813149
8,231416.979329277,10,0.173770491803279,0.0841789464396012,0.232142857142857,7.51868759656763
9,226261.659109085,10,0.179367444941215,0.0868902561305279,0.254329004329004,7.477623606591
10,222146.754041013,10,0.183523762212287,0.0889036843329617,0.272997835497836,7.44262832065745
11,218775.734796759,10,0.185610200364299,0.0899144092473308,0.287608225108225,7.41218552818681
12,215953.975658585,10,0.186885245901639,0.0905320744727786,0.298160173160173,7.38594129620571
13,213553.499417563,10,0.188110614340123,0.0911256748193129,0.308712121212121,7.36418531903772
14,211487.499896279,10,0.189269746646796,0.0916871886606291,0.316287878787879,7.34582822233092
15,209694.429738171,10,0.190312965722802,0.0921925511178136,0.32224025974026,7.32968687116787
16,208128.645821344,10,0.191488657062428,0.0927620865854343,0.326028138528139,7.31511784988882
17,206754.967014161,10,0.192151018380527,0.093082951637615,0.330627705627706,7.30314334354898
18,205545.438717417,10,0.192101341281669,0.0930588867587015,0.334686147186147,7.29202506207894
19,204477.330668283,10,0.192564994204338,0.0932834922952279,0.338203463203463,7.28275450723878
20,203531.837503083,10,0.192879615830436,0.0934359031950138,0.340909090909091,7.27470017328796
21,202693.194546419,10,0.19317767842358,0.0935802924684951,0.345508658008658,7.26762587581184
22,201948.050028281,10,0.193492300049677,0.0937327033682809,0.348214285714286,7.26124413347687
23,201285.003088477,10,0.193906275873489,0.0939332440258938,0.350378787878788,7.2551921307813
24,200694.253698633,10,0.194270574598443,0.0941097198045932,0.351731601731602,7.25015022590415
25,200167.33107732,10,0.194038748137109,0.0939974170363299,0.353084415584416,7.24609325095779
26,199696.878970837,10,0.193922834906441,0.0939412656521983,0.355248917748918,7.24212525879907
27,199276.483254635,10,0.194038748137109,0.0939974170363299,0.356601731601732,7.23885003388045
28,198900.531735055,10,0.194022189104156,0.0939893954100254,0.35741341991342,7.23579030080231
29,198564.098903978,10,0.193757244576917,0.0938610493891532,0.358225108225108,7.23328928466228
30,198262.850327414,10,0.193740685543964,0.0938530277628486,0.359307359307359,7.23120891317268
31,197992.962683886,10,0.193823480708727,0.0938931358943712,0.36038961038961,7.22889081037813
32,197751.056418056,10,0.193773803609869,0.0938690710154577,0.360660173160173,7.22693086998959
33,197534.138661629,10,0.193823480708727,0.0938931358943712,0.361201298701299,7.22505303702976
34,197339.554584546,10,0.193773803609869,0.0938690710154577,0.361742424242424,7.22346022115027
35,197164.945721177,10,0.193823480708727,0.0938931358943712,0.36228354978355,7.22182789504175
36,197008.214108206,10,0.194022189104156,0.0939893954100254,0.362824675324675,7.22065171812277
37,196867.491296227,10,0.194187779433681,0.0940696116730706,0.363365800865801,7.21955688776492
38,196741.111471763,10,0.194171220400729,0.0940615900467661,0.363906926406926,7.21857247521524
39,196627.588064978,10,0.194254015565491,0.0941016981782887,0.363906926406926,7.21774940073162
40,196525.593327994,10,0.194171220400729,0.0940615900467661,0.363906926406926,7.21697364012621
41,196433.940455613,10,0.194055307170061,0.0940054386626345,0.364448051948052,7.21630848458077
42,196351.567892389,10,0.194038748137109,0.0939974170363299,0.364448051948052,7.21567258839059
43,196277.525525524,10,0.193939393939394,0.0939492872785028,0.36525974025974,7.21511280935753
44,196210.962512018,10,0.193989071038251,0.0939733521574164,0.36525974025974,7.21448467586588
45,196151.116525036,10,0.193972512005299,0.0939653305311119,0.365800865800866,7.2141058601847
46,196097.304237656,10,0.193922834906441,0.0939412656521983,0.365800865800866,7.21365948364171
47,196048.912888031,10,0.193889716840537,0.0939252223995893,0.365800865800866,7.21329995360797
48,196005.39279213,10,0.193955952972346,0.0939573089048074,0.365800865800866,7.21296546477833
49,195966.25068898,10,0.193922834906441,0.0939412656521983,0.365800865800866,7.21266068437938
50,195931.043818538,10,0.193856598774632,0.0939091791469803,0.365800865800866,7.21223107686522

